roc roc_sent wrdlkh roc_macro roc_sent_macro roc_trans roc_macro_trans fprAUC traintime
1000 0.775392 -21237560.000000 0.561419 0.000000 0.000000 0.060595 635.000000
2000 0.787233 -21098110.000000 0.603208 0.000000 0.000000 0.057722 977.000000
3000 0.797243 -20967980.000000 0.630999 0.000000 0.000000 0.055216 1315.000000
4000 0.801950 -20860060.000000 0.642534 0.000000 0.000000 0.054083 1653.000000
5000 0.809119 -20766470.000000 0.659049 0.000000 0.000000 0.051989 1990.000000
6000 0.811621 -20691740.000000 0.675238 0.000000 0.000000 0.051866 2328.000000
7000 0.814556 -20628920.000000 0.681507 0.000000 0.000000 0.051077 2666.000000
8000 0.816449 -20578040.000000 0.689473 0.000000 0.000000 0.050882 3006.000000
9000 0.819540 -20537450.000000 0.692836 0.000000 0.000000 0.050586 3345.000000
5000 0.809159 -20766470.000000 0.659069 0.000000 0.000000 0.051981 1990.000000
10000 0.820600 -20498240.000000 0.696003 0.000000 0.000000 0.050730 3684.000000
15000 0.826576 -20387460.000000 0.706698 0.000000 0.000000 0.051519 5427.000000
20000 0.828614 -20326000.000000 0.710836 0.000000 0.000000 0.051459 7074.000000
25000 0.830257 -20289040.000000 0.714833 0.000000 0.000000 0.052246 8808.000000
30000 0.831580 -20261240.000000 0.718837 0.000000 0.000000 0.051797 10448.000000
35000 0.832999 -20241850.000000 0.719344 0.000000 0.000000 0.051890 12177.000000
40000 0.833971 -20227650.000000 0.722865 0.000000 0.000000 0.051993 13810.000000
45000 0.834517 -20213190.000000 0.726559 0.000000 0.000000 0.052177 15539.000000
50000 0.835956 -20202470.000000 0.728062 0.000000 0.000000 0.052236 17176.000000
55000 0.835803 -20193510.000000 0.724629 0.000000 0.000000 0.052060 18911.000000
60000 0.836529 -20186430.000000 0.736870 0.000000 0.000000 0.052250 20548.000000
65000 0.837284 -20177470.000000 0.736281 0.000000 0.000000 0.052244 22285.000000
70000 0.838343 -20174160.000000 0.738224 0.000000 0.000000 0.052229 23930.000000
75000 0.838328 -20167280.000000 0.737202 0.000000 0.000000 0.051994 25664.000000
80000 0.838722 -20161750.000000 0.732332 0.000000 0.000000 0.052172 27301.000000
85000 0.838875 -20158850.000000 0.737760 0.000000 0.000000 0.051949 29036.000000
90000 0.839219 -20153340.000000 0.739978 0.000000 0.000000 0.051969 30674.000000
95000 0.838853 -20152390.000000 0.738508 0.000000 0.000000 0.051915 32409.000000
100000 0.839285 -20148860.000000 0.738536 0.000000 0.000000 0.052158 34050.000000
105000 0.839128 -20144630.000000 0.738424 0.000000 0.000000 0.052112 35787.000000
110000 0.839141 -20142730.000000 0.739098 0.000000 0.000000 0.051699 37427.000000
115000 0.839184 -20139160.000000 0.738498 0.000000 0.000000 0.051787 39156.000000
120000 0.839159 -20137400.000000 0.737564 0.000000 0.000000 0.052047 40796.000000
125000 0.839395 -20136700.000000 0.737914 0.000000 0.000000 0.051978 42532.000000
130000 0.839210 -20132610.000000 0.736446 0.000000 0.000000 0.051812 44175.000000
135000 0.839897 -20132810.000000 0.739220 0.000000 0.000000 0.052374 45908.000000
140000 0.839735 -20128660.000000 0.740280 0.000000 0.000000 0.052173 47548.000000
145000 0.839961 -20129850.000000 0.738060 0.000000 0.000000 0.052196 49284.000000
150000 0.840167 -20128090.000000 0.743901 0.000000 0.000000 0.052209 50928.000000
155000 0.839723 -20126610.000000 0.740931 0.000000 0.000000 0.051898 52658.000000
160000 0.839593 -20126720.000000 0.740074 0.000000 0.000000 0.051978 54298.000000
165000 0.840347 -20123910.000000 0.743928 0.000000 0.000000 0.051832 56035.000000
170000 0.840196 -20123900.000000 0.740550 0.000000 0.000000 0.052164 57677.000000
175000 0.840157 -20121180.000000 0.741261 0.000000 0.000000 0.051701 59408.000000
180000 0.840128 -20120620.000000 0.742639 0.000000 0.000000 0.052028 61052.000000
185000 0.840382 -20121480.000000 0.745514 0.000000 0.000000 0.051817 62785.000000
190000 0.840529 -20117690.000000 0.741984 0.000000 0.000000 0.051874 64433.000000
195000 0.839974 -20119280.000000 0.739603 0.000000 0.000000 0.052059 66171.000000
200000 0.840739 -20117620.000000 0.744396 0.000000 0.000000 0.052036 67814.000000
205000 0.840453 -20117460.000000 0.742075 0.000000 0.000000 0.051817 69550.000000
210000 0.840427 -20116110.000000 0.742087 0.000000 0.000000 0.052146 71197.000000
215000 0.840752 -20115140.000000 0.741779 0.000000 0.000000 0.051845 72922.000000
220000 0.840868 -20114290.000000 0.742563 0.000000 0.000000 0.051822 74566.000000
225000 0.840740 -20114710.000000 0.744985 0.000000 0.000000 0.052081 76304.000000
230000 0.840791 -20114050.000000 0.741364 0.000000 0.000000 0.051582 77950.000000
235000 0.841011 -20113960.000000 0.742833 0.000000 0.000000 0.052192 79682.000000
240000 0.840724 -20111150.000000 0.743567 0.000000 0.000000 0.051772 81328.000000
245000 0.840913 -20113440.000000 0.744471 0.000000 0.000000 0.052168 83059.000000
