roc wrdlkh roc_sent_macro roc_trans roc_macro_trans fprAUC traintime
20 0.724404 -21136450.000000 0.565679 0.000000 0.000000 0.088014 2046.000000
30 0.737303 -21007760.000000 0.586439 0.000000 0.000000 0.076206 3219.000000
40 0.747116 -20920680.000000 0.605260 0.000000 0.000000 0.069911 4357.000000
50 0.754602 -20834470.000000 0.617759 0.000000 0.000000 0.065896 5297.000000
60 0.762001 -20783140.000000 0.629053 0.000000 0.000000 0.063149 6225.000000
70 0.767404 -20724160.000000 0.639388 0.000000 0.000000 0.061017 7358.000000
80 0.772556 -20678990.000000 0.649360 0.000000 0.000000 0.059224 8508.000000
90 0.775295 -20651180.000000 0.653222 0.000000 0.000000 0.058006 9647.000000
100 0.778888 -20619660.000000 0.661091 0.000000 0.000000 0.056867 10772.000000
110 0.782616 -20595810.000000 0.662959 0.000000 0.000000 0.055829 11850.000000
120 0.785148 -20561770.000000 0.670511 0.000000 0.000000 0.055069 12981.000000
130 0.788326 -20543350.000000 0.674872 0.000000 0.000000 0.054339 14082.000000
140 0.791005 -20516890.000000 0.680840 0.000000 0.000000 0.053793 15203.000000
150 0.792752 -20497640.000000 0.684365 0.000000 0.000000 0.053155 16129.000000
160 0.794293 -20483480.000000 0.686714 0.000000 0.000000 0.052766 17057.000000
170 0.796106 -20464550.000000 0.687450 0.000000 0.000000 0.052158 18175.000000
180 0.796605 -20448510.000000 0.690492 0.000000 0.000000 0.051798 19216.000000
190 0.797600 -20433850.000000 0.693278 0.000000 0.000000 0.051328 20211.000000
200 0.799971 -20421100.000000 0.695068 0.000000 0.000000 0.051076 21192.000000
210 0.800515 -20411340.000000 0.697712 0.000000 0.000000 0.050789 22192.000000
220 0.801794 -20402130.000000 0.698450 0.000000 0.000000 0.050359 23188.000000
230 0.803196 -20388360.000000 0.700042 0.000000 0.000000 0.050127 24189.000000
240 0.803949 -20379100.000000 0.700416 0.000000 0.000000 0.049750 25100.000000
250 0.803531 -20370510.000000 0.702872 0.000000 0.000000 0.049568 26049.000000
260 0.805232 -20359420.000000 0.702238 0.000000 0.000000 0.049314 27046.000000
270 0.805399 -20351090.000000 0.702795 0.000000 0.000000 0.049081 28035.000000
280 0.805504 -20343400.000000 0.702768 0.000000 0.000000 0.048961 29028.000000
290 0.806843 -20337290.000000 0.706358 0.000000 0.000000 0.048806 30042.000000
300 0.808225 -20328760.000000 0.709134 0.000000 0.000000 0.048514 30959.000000
310 0.807911 -20322570.000000 0.708760 0.000000 0.000000 0.048423 31866.000000
320 0.809451 -20316890.000000 0.708727 0.000000 0.000000 0.048186 32782.000000
330 0.809754 -20310680.000000 0.712560 0.000000 0.000000 0.048061 33839.000000
340 0.809220 -20304890.000000 0.709625 0.000000 0.000000 0.047910 34895.000000
350 0.809816 -20299260.000000 0.710773 0.000000 0.000000 0.047798 35955.000000
360 0.810255 -20295150.000000 0.713875 0.000000 0.000000 0.047676 37003.000000
370 0.810571 -20288870.000000 0.714690 0.000000 0.000000 0.047578 38008.000000
380 0.811519 -20285140.000000 0.712969 0.000000 0.000000 0.047450 39011.000000
390 0.811520 -20281370.000000 0.715329 0.000000 0.000000 0.047326 40006.000000
400 0.812019 -20276340.000000 0.717336 0.000000 0.000000 0.047161 41011.000000
410 0.812256 -20272910.000000 0.716510 0.000000 0.000000 0.047138 42049.000000
420 0.812019 -20269620.000000 0.717121 0.000000 0.000000 0.047071 43051.000000
430 0.812672 -20266580.000000 0.718118 0.000000 0.000000 0.046936 44048.000000
440 0.812933 -20262780.000000 0.717405 0.000000 0.000000 0.046872 45046.000000
450 0.813547 -20258870.000000 0.718389 0.000000 0.000000 0.046819 46043.000000
460 0.814341 -20255610.000000 0.721625 0.000000 0.000000 0.046880 47042.000000
470 0.814053 -20253340.000000 0.722553 0.000000 0.000000 0.046698 48044.000000
480 0.814865 -20250660.000000 0.721162 0.000000 0.000000 0.046667 49049.000000
490 0.815045 -20248460.000000 0.721603 0.000000 0.000000 0.046566 50026.000000
500 0.814310 -20245600.000000 0.720450 0.000000 0.000000 0.046589 50986.000000
510 0.814638 -20242870.000000 0.722350 0.000000 0.000000 0.046476 51874.000000
520 0.815697 -20241030.000000 0.725232 0.000000 0.000000 0.046421 52762.000000
530 0.815160 -20239070.000000 0.723144 0.000000 0.000000 0.046413 53651.000000
540 0.814481 -20237210.000000 0.721901 0.000000 0.000000 0.046404 54539.000000
550 0.815266 -20235470.000000 0.723571 0.000000 0.000000 0.046311 55424.000000
560 0.816743 -20233120.000000 0.726623 0.000000 0.000000 0.046212 56317.000000
570 0.816190 -20231310.000000 0.727740 0.000000 0.000000 0.046174 57199.000000
580 0.816778 -20229110.000000 0.726933 0.000000 0.000000 0.046239 58091.000000
590 0.816947 -20227470.000000 0.726653 0.000000 0.000000 0.046092 58984.000000
600 0.816822 -20225910.000000 0.728451 0.000000 0.000000 0.046112 59870.000000
610 0.817760 -20224370.000000 0.730568 0.000000 0.000000 0.046164 60767.000000
620 0.818034 -20222950.000000 0.728312 0.000000 0.000000 0.046067 61661.000000
630 0.817402 -20221330.000000 0.728910 0.000000 0.000000 0.045953 62564.000000
640 0.817775 -20219840.000000 0.729658 0.000000 0.000000 0.046050 63478.000000
650 0.817623 -20218170.000000 0.729438 0.000000 0.000000 0.045987 64382.000000
660 0.816990 -20217060.000000 0.730247 0.000000 0.000000 0.046028 65282.000000
670 0.818585 -20215660.000000 0.730574 0.000000 0.000000 0.045979 66180.000000
680 0.818481 -20214100.000000 0.731405 0.000000 0.000000 0.045954 67074.000000
690 0.819032 -20212900.000000 0.730786 0.000000 0.000000 0.045966 67967.000000
700 0.818860 -20211880.000000 0.729936 0.000000 0.000000 0.045864 68858.000000
710 0.818770 -20210350.000000 0.731228 0.000000 0.000000 0.045952 69990.000000
720 0.818723 -20209200.000000 0.730311 0.000000 0.000000 0.045827 70887.000000
730 0.817901 -20208360.000000 0.734564 0.000000 0.000000 0.045904 71860.000000
740 0.818145 -20207310.000000 0.731826 0.000000 0.000000 0.045883 72832.000000
750 0.818267 -20206490.000000 0.731543 0.000000 0.000000 0.045811 73755.000000
760 0.820324 -20205350.000000 0.732455 0.000000 0.000000 0.045776 74723.000000
770 0.820375 -20204190.000000 0.734591 0.000000 0.000000 0.045858 75663.000000
780 0.819651 -20203320.000000 0.734363 0.000000 0.000000 0.045746 76604.000000
790 0.820153 -20202380.000000 0.734448 0.000000 0.000000 0.045805 77543.000000
800 0.820912 -20201510.000000 0.735595 0.000000 0.000000 0.045724 78484.000000
810 0.821073 -20200320.000000 0.737350 0.000000 0.000000 0.045677 79421.000000
820 0.820723 -20199410.000000 0.733361 0.000000 0.000000 0.045692 80359.000000
830 0.820829 -20198470.000000 0.735317 0.000000 0.000000 0.045704 81299.000000
840 0.820953 -20197420.000000 0.737751 0.000000 0.000000 0.045546 82239.000000
850 0.821228 -20196740.000000 0.734881 0.000000 0.000000 0.045634 83177.000000
860 0.821523 -20196040.000000 0.736378 0.000000 0.000000 0.045532 84115.000000
870 0.821260 -20195220.000000 0.735209 0.000000 0.000000 0.045588 85053.000000
880 0.821314 -20194440.000000 0.735421 0.000000 0.000000 0.045549 85994.000000
